1.00000 0.00000 0.00000 0.00000 0.00000 0.00000
0.00000 0.00000 0.00000 1.00000 0.00000 0.00000
0.99896 0.00101 0.00000 0.00003 0.00000 0.00000
0.00002 0.00001 0.01056 0.97961 0.00705 0.00275
0.99904 0.00090 0.00000 0.00005 0.00000 0.00000
0.00005 0.00004 0.03928 0.92914 0.02514 0.00636
0.99952 0.00043 0.00000 0.00004 0.00000 0.00000
0.00005 0.00008 0.07858 0.86973 0.04607 0.00549
0.99947 0.00050 0.00001 0.00002 0.00000 0.00000
0.00006 0.00008 0.11887 0.81635 0.06030 0.00434
0.99912 0.00085 0.00001 0.00002 0.00000 0.00000
0.00005 0.00011 0.15080 0.77746 0.06496 0.00662
0.99961 0.00034 0.00001 0.00004 0.00001 0.00000
0.00005 0.00016 0.16747 0.75595 0.06895 0.00744
0.99931 0.00064 0.00001 0.00003 0.00001 0.00000
0.00007 0.00018 0.16643 0.74514 0.08228 0.00591
0.99939 0.00057 0.00001 0.00003 0.00001 0.00000
0.00009 0.00021 0.15117 0.74288 0.10103 0.00463
0.99952 0.00043 0.00001 0.00003 0.00001 0.00000
0.00011 0.00023 0.13204 0.74372 0.11881 0.00510
0.99935 0.00060 0.00001 0.00004 0.00001 0.00000
0.00012 0.00026 0.12243 0.73154 0.13751 0.00814
0.99925 0.00069 0.00001 0.00004 0.00001 0.00000
0.00011 0.00035 0.13078 0.70881 0.15093 0.00902
0.99947 0.00047 0.00001 0.00003 0.00001 0.00000
0.00011 0.00036 0.15658 0.68634 0.14837 0.00823
0.99927 0.00067 0.00001 0.00004 0.00001 0.00000
0.00013 0.00033 0.19100 0.66572 0.13557 0.00725
0.99919 0.00074 0.00001 0.00004 0.00001 0.00000
0.00015 0.00033 0.21737 0.64936 0.12524 0.00755
0.99929 0.00065 0.00001 0.00004 0.00001 0.00000
0.00017 0.00036 0.21929 0.64986 0.12125 0.00906
0.99931 0.00062 0.00001 0.00004 0.00001 0.00000
0.00019 0.00039 0.19720 0.66674 0.12606 0.00941
0.99917 0.00077 0.00001 0.00004 0.00001 0.00000
0.00019 0.00050 0.16806 0.67915 0.14398 0.00812
0.99930 0.00064 0.00001 0.00004 0.00001 0.00000
0.00019 0.00062 0.14813 0.67329 0.17110 0.00667
0.99932 0.00062 0.00001 0.00004 0.00001 0.00000
0.00018 0.00064 0.14097 0.66266 0.18862 0.00693
0.99933 0.00061 0.00001 0.00004 0.00001 0.00000
0.00018 0.00052 0.14597 0.66211 0.18239 0.00882
0.99936 0.00058 0.00001 0.00003 0.00001 0.00000
0.00021 0.00052 0.16357 0.66537 0.16194 0.00839
0.99943 0.00051 0.00001 0.00004 0.00001 0.00000
0.00026 0.00057 0.18086 0.66708 0.14399 0.00723
0.99937 0.00057 0.00001 0.00003 0.00001 0.00000
0.00032 0.00063 0.18520 0.66454 0.14062 0.00869
0.99944 0.00050 0.00001 0.00004 0.00001 0.00000
0.00031 0.00074 0.18184 0.65387 0.15426 0.00898
0.99944 0.00050 0.00001 0.00003 0.00001 0.00000
0.00033 0.00078 0.18199 0.63653 0.17253 0.00785
0.99937 0.00057 0.00001 0.00003 0.00001 0.00000
0.00040 0.00087 0.18814 0.62260 0.17956 0.00842
0.99934 0.00060 0.00001 0.00004 0.00001 0.00000
0.00033 0.00076 0.19419 0.62237 0.17186 0.01048
0.99939 0.00054 0.00001 0.00004 0.00001 0.00000
0.00034 0.00080 0.19782 0.62781 0.16343 0.00980
0.99927 0.00066 0.00001 0.00004 0.00001 0.00000
0.00043 0.00077 0.20127 0.62449 0.16541 0.00762
0.99922 0.00072 0.00001 0.00004 0.00001 0.00000
0.00047 0.00085 0.19423 0.62841 0.16863 0.00740
0.99928 0.00065 0.00001 0.00004 0.00001 0.00000
0.00032 0.00079 0.17673 0.64242 0.16930 0.01043
0.99923 0.00070 0.00001 0.00004 0.00001 0.00000
0.00035 0.00083 0.16574 0.65069 0.17093 0.01147
0.99918 0.00076 0.00001 0.00004 0.00001 0.00000
0.00037 0.00089 0.16866 0.64956 0.17166 0.00887
0.99934 0.00059 0.00001 0.00004 0.00001 0.00000
0.00030 0.00089 0.17448 0.64579 0.16917 0.00937
0.99925 0.00068 0.00001 0.00004 0.00001 0.00000
0.00037 0.00082 0.18644 0.63221 0.16925 0.01089
0.99926 0.00068 0.00001 0.00004 0.00001 0.00000
0.00036 0.00089 0.19889 0.61971 0.17004 0.01010
0.99943 0.00050 0.00001 0.00004 0.00001 0.00000
0.00036 0.00095 0.20558 0.61429 0.16937 0.00944
0.99941 0.00053 0.00001 0.00004 0.00001 0.00000
0.00034 0.00099 0.20379 0.61914 0.16536 0.01038
0.99928 0.00066 0.00001 0.00004 0.00001 0.00000
0.00034 0.00104 0.20360 0.62362 0.16022 0.01117
0.99958 0.00036 0.00001 0.00004 0.00001 0.00000
0.00040 0.00120 0.20243 0.63009 0.15479 0.01109
0.99934 0.00061 0.00001 0.00003 0.00001 0.00000
0.00035 0.00097 0.19491 0.64103 0.15179 0.01094
0.99935 0.00059 0.00001 0.00004 0.00001 0.00000
0.00043 0.00116 0.19018 0.63976 0.15691 0.01156
0.99948 0.00045 0.00001 0.00004 0.00001 0.00000
0.00038 0.00113 0.18807 0.64097 0.15910 0.01034
0.99935 0.00059 0.00001 0.00004 0.00001 0.00000
0.00040 0.00117 0.18771 0.64362 0.15558 0.01152
0.99911 0.00082 0.00001 0.00004 0.00001 0.00000
0.00037 0.00132 0.18847 0.65258 0.14618 0.01107
0.99947 0.00047 0.00001 0.00004 0.00001 0.00000
0.00037 0.00110 0.18985 0.65302 0.14313 0.01252
0.99921 0.00072 0.00001 0.00004 0.00001 0.00000
0.00038 0.00123 0.19742 0.63727 0.14931 0.01441
0.99921 0.00072 0.00001 0.00004 0.00001 0.00000
0.00039 0.00122 0.20322 0.63182 0.15017 0.01317
0.99926 0.00067 0.00001 0.00004 0.00001 0.00000
0.00047 0.00128 0.20757 0.63915 0.13926 0.01226
0.99926 0.00067 0.00001 0.00004 0.00001 0.00000
0.00052 0.00127 0.22633 0.62549 0.13479 0.01160
0.99920 0.00074 0.00001 0.00004 0.00001 0.00000
0.00046 0.00132 0.23513 0.60907 0.14140 0.01262
0.99946 0.00047 0.00001 0.00004 0.00001 0.00000
0.00046 0.00104 0.21313 0.62739 0.14451 0.01348
0.99931 0.00063 0.00001 0.00004 0.00001 0.00000
0.00044 0.00118 0.19250 0.64824 0.14520 0.01244
0.99931 0.00063 0.00001 0.00004 0.00001 0.00000
0.00043 0.00110 0.19478 0.64532 0.14459 0.01379
0.99946 0.00049 0.00002 0.00003 0.00001 0.00000
0.00049 0.00113 0.21099 0.63350 0.13978 0.01410
0.99947 0.00047 0.00002 0.00003 0.00001 0.00000
0.00048 0.00144 0.21037 0.64058 0.13401 0.01312
0.99933 0.00061 0.00002 0.00003 0.00001 0.00000
0.00052 0.00122 0.19481 0.65457 0.13459 0.01427
0.99946 0.00048 0.00002 0.00003 0.00001 0.00000
0.00065 0.00124 0.19304 0.64460 0.14436 0.01610
0.99938 0.00056 0.00002 0.00003 0.00001 0.00000
0.00059 0.00117 0.19862 0.63498 0.14950 0.01514
0.99929 0.00064 0.00002 0.00004 0.00001 0.00000
0.00053 0.00131 0.20731 0.62842 0.14715 0.01527
0.99934 0.00059 0.00002 0.00004 0.00001 0.00000
0.00050 0.00125 0.21650 0.62539 0.14118 0.01518
0.99939 0.00054 0.00001 0.00004 0.00001 0.00000
0.00060 0.00134 0.22240 0.61573 0.14374 0.01618
0.99906 0.00087 0.00002 0.00004 0.00001 0.00000
0.00058 0.00122 0.21300 0.61542 0.15228 0.01749
0.99934 0.00059 0.00002 0.00004 0.00001 0.00000
0.00060 0.00120 0.20347 0.62372 0.15251 0.01849
0.99934 0.00059 0.00002 0.00004 0.00001 0.00000
0.00061 0.00144 0.20491 0.62369 0.15148 0.01787
0.99921 0.00072 0.00002 0.00004 0.00001 0.00000
0.00061 0.00155 0.20198 0.62855 0.14833 0.01899
0.99913 0.00080 0.00002 0.00004 0.00001 0.00000
0.00063 0.00139 0.19582 0.64301 0.13946 0.01969
0.99954 0.00039 0.00002 0.00004 0.00001 0.00000
0.00083 0.00136 0.19378 0.65193 0.13252 0.01957
0.99931 0.00062 0.00002 0.00003 0.00001 0.00000
0.00073 0.00159 0.19339 0.64906 0.13461 0.02062
0.99928 0.00066 0.00002 0.00003 0.00001 0.00000
0.00063 0.00149 0.20107 0.63552 0.14056 0.02072
0.99945 0.00049 0.00002 0.00003 0.00001 0.00000
0.00069 0.00177 0.20460 0.62796 0.14409 0.02089
0.99951 0.00043 0.00002 0.00003 0.00001 0.00000
0.00064 0.00181 0.20599 0.61780 0.15054 0.02321
0.99929 0.00064 0.00002 0.00003 0.00001 0.00000
0.00054 0.00206 0.21108 0.60661 0.15597 0.02373
0.99944 0.00049 0.00002 0.00003 0.00001 0.00000
0.00071 0.00200 0.21741 0.60309 0.15382 0.02297
0.99942 0.00052 0.00002 0.00003 0.00001 0.00000
0.00066 0.00197 0.22128 0.60543 0.14744 0.02320
0.99925 0.00069 0.00002 0.00003 0.00001 0.00000
0.00075 0.00192 0.21631 0.61809 0.14039 0.02253
0.99935 0.00058 0.00002 0.00004 0.00001 0.00000
0.00082 0.00202 0.20655 0.62652 0.14134 0.02275
0.99944 0.00049 0.00002 0.00004 0.00001 0.00000
0.00091 0.00198 0.20187 0.62102 0.15025 0.02395
0.99900 0.00093 0.00002 0.00004 0.00001 0.00000
0.00078 0.00214 0.20453 0.61144 0.15672 0.02439
0.99929 0.00064 0.00002 0.00004 0.00001 0.00000
0.00084 0.00201 0.20199 0.61176 0.15711 0.02628
0.99945 0.00048 0.00002 0.00004 0.00001 0.00000
0.00094 0.00214 0.19596 0.62514 0.14974 0.02607
0.99920 0.00073 0.00002 0.00004 0.00001 0.00000
0.00091 0.00224 0.19907 0.62700 0.14482 0.02595
0.99912 0.00081 0.00002 0.00004 0.00001 0.00000
0.00079 0.00221 0.21174 0.60841 0.14995 0.02689
0.99952 0.00041 0.00002 0.00004 0.00001 0.00000
0.00082 0.00210 0.21729 0.59703 0.15506 0.02769
0.99931 0.00063 0.00002 0.00003 0.00001 0.00000
0.00082 0.00213 0.21407 0.59529 0.15878 0.02891
0.99936 0.00057 0.00002 0.00003 0.00001 0.00000
0.00082 0.00212 0.21327 0.59564 0.15802 0.03013
0.99944 0.00050 0.00002 0.00003 0.00001 0.00000
0.00079 0.00207 0.21980 0.58784 0.16117 0.02833
0.99943 0.00051 0.00002 0.00003 0.00001 0.00000
0.00090 0.00227 0.21846 0.58672 0.16247 0.02918
0.99939 0.00055 0.00002 0.00003 0.00001 0.00000
0.00086 0.00211 0.21412 0.59021 0.16292 0.02978
0.99948 0.00045 0.00002 0.00003 0.00001 0.00000
0.00081 0.00225 0.20504 0.59939 0.16255 0.02995
0.99929 0.00065 0.00002 0.00003 0.00001 0.00000
0.00094 0.00236 0.19808 0.60004 0.16826 0.03031
0.99941 0.00052 0.00002 0.00003 0.00001 0.00000
0.00103 0.00254 0.19459 0.59979 0.17098 0.03106
0.99932 0.00061 0.00002 0.00004 0.00001 0.00000
0.00091 0.00253 0.19818 0.59622 0.17109 0.03108
0.99923 0.00069 0.00002 0.00004 0.00001 0.00000
0.00083 0.00244 0.20571 0.59141 0.16789 0.03172
0.99925 0.00068 0.00002 0.00004 0.00001 0.00000
0.00092 0.00239 0.21516 0.58308 0.16585 0.03259
0.99936 0.00057 0.00002 0.00004 0.00001 0.00000
0.00087 0.00267 0.21733 0.58345 0.16343 0.03223
0.99914 0.00079 0.00002 0.00004 0.00001 0.00000
0.00102 0.00255 0.21097 0.59265 0.15926 0.03355
0.99925 0.00068 0.00002 0.00004 0.00001 0.00000
0.00103 0.00248 0.20205 0.59985 0.16079 0.03380
0.99935 0.00058 0.00002 0.00004 0.00001 0.00000
0.00103 0.00270 0.20294 0.59116 0.16819 0.03398
0.99933 0.00060 0.00002 0.00004 0.00001 0.00000
0.00112 0.00261 0.20585 0.58979 0.16612 0.03451
0.99929 0.00064 0.00002 0.00003 0.00001 0.00000
0.00124 0.00288 0.19988 0.60296 0.15773 0.03530
0.99945 0.00049 0.00002 0.00003 0.00001 0.00000
0.00121 0.00269 0.19968 0.61038 0.15073 0.03532
0.99938 0.00055 0.00002 0.00003 0.00001 0.00000
0.00115 0.00299 0.21197 0.59495 0.15404 0.03489
0.99943 0.00050 0.00002 0.00003 0.00001 0.00000
0.00113 0.00306 0.21523 0.58342 0.16283 0.03433
0.99945 0.00049 0.00002 0.00003 0.00001 0.00000
0.00103 0.00314 0.20559 0.59095 0.16519 0.03409
0.99939 0.00055 0.00002 0.00003 0.00001 0.00000
0.00119 0.00289 0.20356 0.59132 0.16610 0.03494
0.99936 0.00057 0.00002 0.00003 0.00001 0.00000
0.00100 0.00313 0.21165 0.58297 0.16609 0.03516
0.99948 0.00046 0.00002 0.00003 0.00001 0.00000
0.00094 0.00321 0.21483 0.58340 0.16274 0.03487
0.99922 0.00071 0.00002 0.00003 0.00001 0.00000
0.00116 0.00309 0.21112 0.59200 0.15760 0.03502
0.99927 0.00066 0.00002 0.00004 0.00001 0.00000
0.00115 0.00293 0.21474 0.59044 0.15566 0.03507
0.99933 0.00059 0.00002 0.00004 0.00001 0.00000
0.00115 0.00334 0.21408 0.58868 0.15754 0.03520
0.99926 0.00066 0.00002 0.00004 0.00001 0.00000
0.00108 0.00312 0.20405 0.59681 0.15883 0.03610
0.99914 0.00079 0.00002 0.00004 0.00001 0.00000
0.00112 0.00361 0.20311 0.60293 0.15298 0.03625
0.99934 0.00059 0.00002 0.00004 0.00001 0.00000
0.00119 0.00302 0.21118 0.59506 0.15389 0.03565
0.99927 0.00066 0.00002 0.00004 0.00001 0.00000
0.00135 0.00335 0.21917 0.58086 0.16002 0.03524
0.99929 0.00064 0.00002 0.00003 0.00001 0.00000
0.00121 0.00325 0.21365 0.58542 0.16054 0.03592
0.99936 0.00057 0.00002 0.00003 0.00001 0.00000
0.00112 0.00341 0.20222 0.59536 0.16154 0.03635
0.99943 0.00051 0.00002 0.00003 0.00001 0.00000
0.00107 0.00351 0.20454 0.59805 0.15587 0.03695
0.99935 0.00058 0.00002 0.00003 0.00001 0.00000
0.00099 0.00335 0.21322 0.59239 0.15365 0.03640
0.99948 0.00046 0.00002 0.00003 0.00001 0.00000
0.00124 0.00341 0.21704 0.59762 0.14460 0.03608
0.99945 0.00048 0.00002 0.00003 0.00001 0.00000
0.00122 0.00322 0.21842 0.60075 0.13918 0.03721
0.99936 0.00057 0.00002 0.00003 0.00001 0.00000
0.00117 0.00367 0.22502 0.58726 0.14520 0.03767
0.99941 0.00052 0.00002 0.00003 0.00001 0.00000
0.00118 0.00374 0.22467 0.58301 0.14906 0.03835
0.99949 0.00044 0.00002 0.00003 0.00001 0.00000
0.00125 0.00360 0.21900 0.58885 0.14918 0.03811
0.99919 0.00074 0.00002 0.00004 0.00001 0.00000
0.00122 0.00365 0.21782 0.58665 0.15189 0.03877
0.99932 0.00061 0.00002 0.00004 0.00001 0.00000
0.00114 0.00373 0.21884 0.58365 0.15525 0.03739
0.99931 0.00062 0.00002 0.00004 0.00001 0.00000
0.00123 0.00361 0.21387 0.58695 0.15638 0.03795
0.99930 0.00063 0.00002 0.00004 0.00001 0.00000
0.00123 0.00393 0.21261 0.58772 0.15695 0.03756
0.99919 0.00074 0.00002 0.00004 0.00001 0.00001
0.00124 0.00381 0.21578 0.58523 0.15584 0.03810
0.99937 0.00056 0.00002 0.00004 0.00001 0.00001
0.00114 0.00395 0.22240 0.57583 0.15839 0.03829
0.99911 0.00081 0.00002 0.00004 0.00001 0.00001
0.00115 0.00396 0.22364 0.57272 0.16022 0.03830
0.99941 0.00052 0.00002 0.00004 0.00001 0.00001
0.00145 0.00402 0.21939 0.57807 0.15938 0.03770
0.99946 0.00047 0.00002 0.00003 0.00001 0.00001
0.00138 0.00388 0.21844 0.57407 0.16463 0.03759
0.99931 0.00062 0.00002 0.00003 0.00001 0.00001
0.00148 0.00394 0.21753 0.57151 0.16759 0.03794
0.99926 0.00068 0.00002 0.00003 0.00001 0.00001
0.00161 0.00387 0.21759 0.57765 0.16007 0.03921
0.99963 0.00030 0.00002 0.00003 0.00001 0.00001
0.00155 0.00394 0.22648 0.57210 0.15752 0.03840
0.99938 0.00055 0.00002 0.00003 0.00001 0.00001
0.00162 0.00422 0.22959 0.56417 0.15950 0.04089
0.99931 0.00063 0.00002 0.00003 0.00001 0.00001
0.00168 0.00430 0.22468 0.56436 0.16445 0.04053
0.99948 0.00045 0.00002 0.00003 0.00001 0.00001
0.00164 0.00422 0.22346 0.56400 0.16617 0.04051
0.99946 0.00047 0.00002 0.00003 0.00001 0.00001
0.00187 0.00473 0.21689 0.56925 0.16664 0.04062
0.99911 0.00081 0.00002 0.00003 0.00001 0.00001
0.00165 0.00456 0.21503 0.56961 0.16759 0.04156
0.99945 0.00047 0.00002 0.00004 0.00001 0.00001
0.00226 0.00474 0.22440 0.56316 0.16394 0.04149
0.99932 0.00060 0.00002 0.00004 0.00001 0.00001
0.00213 0.00492 0.22852 0.56600 0.15683 0.04158
0.99913 0.00080 0.00002 0.00004 0.00001 0.00001
0.00211 0.00472 0.22537 0.56780 0.15785 0.04215
0.99927 0.00066 0.00002 0.00004 0.00001 0.00001
0.00210 0.00476 0.22204 0.56648 0.16234 0.04227
0.99946 0.00047 0.00002 0.00004 0.00001 0.00001
0.00239 0.00492 0.21882 0.56611 0.16486 0.04288
0.99906 0.00086 0.00002 0.00004 0.00001 0.00001
0.00220 0.00454 0.21910 0.57202 0.16103 0.04111
0.99938 0.00055 0.00002 0.00004 0.00001 0.00001
0.00238 0.00473 0.21776 0.57491 0.15917 0.04105
0.99949 0.00044 0.00002 0.00003 0.00001 0.00001
0.00219 0.00499 0.22071 0.56909 0.16123 0.04177
0.99924 0.00069 0.00002 0.00003 0.00001 0.00001
0.00251 0.00486 0.22443 0.56441 0.16059 0.04319
0.99937 0.00056 0.00002 0.00003 0.00001 0.00001
0.00230 0.00493 0.22259 0.57092 0.15729 0.04197
0.99958 0.00035 0.00002 0.00003 0.00001 0.00001
0.00217 0.00516 0.21993 0.56991 0.15916 0.04367
0.99931 0.00062 0.00002 0.00003 0.00001 0.00001
0.00210 0.00529 0.21979 0.56671 0.16461 0.04150
0.99942 0.00051 0.00002 0.00003 0.00001 0.00001
0.00234 0.00544 0.21782 0.56517 0.16681 0.04242
0.99944 0.00049 0.00002 0.00003 0.00001 0.00001
0.00209 0.00545 0.21547 0.56801 0.16663 0.04234
0.99935 0.00058 0.00002 0.00003 0.00001 0.00001
0.00222 0.00536 0.21728 0.56450 0.16838 0.04226
0.99931 0.00061 0.00002 0.00003 0.00001 0.00001
0.00213 0.00583 0.22076 0.56232 0.16662 0.04234
0.99935 0.00057 0.00002 0.00003 0.00001 0.00001
0.00270 0.00564 0.21958 0.56264 0.16578 0.04365
0.99917 0.00075 0.00002 0.00004 0.00001 0.00001
0.00251 0.00572 0.21555 0.56789 0.16537 0.04295
0.99932 0.00060 0.00002 0.00004 0.00001 0.00001
0.00249 0.00585 0.22071 0.56307 0.16478 0.04309
0.99928 0.00064 0.00002 0.00004 0.00001 0.00001
0.00253 0.00617 0.22474 0.56132 0.16280 0.04244
0.99926 0.00066 0.00002 0.00004 0.00001 0.00001
0.00253 0.00572 0.21935 0.56671 0.16266 0.04302
0.99925 0.00068 0.00002 0.00003 0.00001 0.00001
0.00255 0.00567 0.22273 0.56034 0.16508 0.04363
0.99938 0.00055 0.00002 0.00003 0.00001 0.00001
0.00284 0.00560 0.22843 0.55705 0.16246 0.04362
0.99934 0.00059 0.00002 0.00003 0.00001 0.00001
0.00287 0.00532 0.22802 0.56199 0.15856 0.04322
0.99939 0.00054 0.00002 0.00003 0.00001 0.00001
0.00260 0.00578 0.22447 0.56607 0.15782 0.04325
0.99943 0.00049 0.00002 0.00003 0.00001 0.00001
0.00286 0.00607 0.22094 0.56986 0.15738 0.04289
0.99942 0.00051 0.00002 0.00003 0.00001 0.00001
0.00300 0.00573 0.22309 0.56829 0.15600 0.04390
0.99944 0.00050 0.00002 0.00003 0.00001 0.00001
0.00283 0.00572 0.22543 0.56793 0.15354 0.04454
0.99946 0.00047 0.00002 0.00003 0.00001 0.00001
0.00325 0.00581 0.22107 0.57529 0.14910 0.04548
0.99937 0.00056 0.00002 0.00003 0.00001 0.00001
0.00298 0.00582 0.21967 0.57561 0.15123 0.04468
0.99938 0.00054 0.00002 0.00003 0.00001 0.00001
0.00318 0.00597 0.21853 0.57542 0.15324 0.04366
0.99938 0.00055 0.00002 0.00003 0.00001 0.00001
0.00292 0.00613 0.22232 0.56562 0.15648 0.04652
0.99926 0.00066 0.00002 0.00004 0.00001 0.00001
0.00305 0.00616 0.22304 0.56079 0.16208 0.04488
0.99923 0.00069 0.00002 0.00004 0.00001 0.00001
0.00294 0.00632 0.22028 0.56494 0.16074 0.04476
0.99939 0.00053 0.00002 0.00004 0.00001 0.00001
0.00337 0.00618 0.22487 0.56412 0.15655 0.04489
0.99918 0.00074 0.00002 0.00004 0.00001 0.00001
0.00300 0.00645 0.22864 0.56280 0.15337 0.04573
0.99915 0.00077 0.00002 0.00004 0.00001 0.00001
0.00315 0.00655 0.22829 0.56340 0.15257 0.04603
0.99936 0.00056 0.00002 0.00003 0.00001 0.00001
0.00264 0.00690 0.22259 0.57128 0.15088 0.04570
0.99942 0.00050 0.00002 0.00004 0.00001 0.00001
0.00310 0.00659 0.21964 0.57286 0.15211 0.04569
0.99917 0.00075 0.00002 0.00003 0.00001 0.00001
0.00327 0.00676 0.22413 0.56525 0.15495 0.04564
0.99944 0.00048 0.00002 0.00003 0.00001 0.00001
0.00328 0.00704 0.22367 0.56383 0.15580 0.04636
0.99945 0.00048 0.00002 0.00003 0.00001 0.00001
0.00329 0.00697 0.22087 0.56743 0.15531 0.04612
0.99939 0.00053 0.00002 0.00003 0.00001 0.00001
0.00341 0.00687 0.21911 0.56719 0.15650 0.04690
0.99944 0.00049 0.00002 0.00003 0.00001 0.00001
0.00317 0.00710 0.21583 0.57009 0.15699 0.04680
0.99950 0.00043 0.00002 0.00003 0.00001 0.00001
0.00310 0.00741 0.21632 0.57071 0.15516 0.04730
0.99925 0.00068 0.00002 0.00003 0.00001 0.00001
0.00321 0.00756 0.21895 0.56987 0.15377 0.04662
0.99954 0.00039 0.00002 0.00003 0.00001 0.00001
0.00314 0.00784 0.21875 0.56957 0.15356 0.04713
0.99936 0.00056 0.00002 0.00003 0.00001 0.00001
0.00287 0.00788 0.22109 0.56795 0.15320 0.04700
0.99917 0.00076 0.00002 0.00003 0.00001 0.00001
0.00301 0.00770 0.22460 0.56689 0.15133 0.04646
0.99932 0.00060 0.00002 0.00003 0.00001 0.00001
0.00296 0.00786 0.22505 0.56259 0.15396 0.04757
0.99945 0.00047 0.00002 0.00004 0.00001 0.00001
0.00326 0.00779 0.22183 0.56216 0.15734 0.04762
0.99903 0.00089 0.00002 0.00004 0.00001 0.00001
0.00349 0.00807 0.22163 0.56088 0.15922 0.04670
0.99933 0.00059 0.00002 0.00004 0.00001 0.00001
0.00364 0.00813 0.22290 0.55772 0.16001 0.04759
0.99938 0.00054 0.00002 0.00004 0.00001 0.00001
0.00339 0.00842 0.21975 0.56081 0.15993 0.04770
0.99923 0.00069 0.00002 0.00003 0.00001 0.00001
0.00367 0.00829 0.21884 0.56260 0.15845 0.04815
0.99931 0.00061 0.00002 0.00003 0.00001 0.00001
0.00362 0.00887 0.22315 0.56269 0.15344 0.04821
0.99946 0.00046 0.00002 0.00003 0.00001 0.00001
0.00383 0.00900 0.22594 0.56440 0.14940 0.04742
0.99931 0.00062 0.00002 0.00003 0.00001 0.00001
0.00390 0.00864 0.22615 0.55892 0.15419 0.04819
0.99952 0.00041 0.00002 0.00003 0.00001 0.00001
0.00398 0.00901 0.22220 0.56313 0.15341 0.04827
0.99943 0.00049 0.00002 0.00003 0.00001 0.00001
0.00421 0.00901 0.22406 0.55746 0.15748 0.04777
0.99933 0.00060 0.00002 0.00003 0.00001 0.00001
0.00413 0.00859 0.23091 0.54731 0.16013 0.04893
0.99947 0.00046 0.00002 0.00003 0.00001 0.00001
0.00389 0.00914 0.22437 0.55578 0.15740 0.04942
0.99953 0.00039 0.00002 0.00003 0.00001 0.00001
0.00383 0.00931 0.22586 0.55727 0.15510 0.04862
0.99918 0.00074 0.00002 0.00003 0.00001 0.00001
0.00389 0.00924 0.22903 0.55127 0.15787 0.04870
0.99929 0.00063 0.00002 0.00004 0.00001 0.00001
0.00416 0.00951 0.22356 0.55422 0.15923 0.04932
0.99943 0.00049 0.00002 0.00004 0.00001 0.00001
0.00397 0.00971 0.22390 0.56048 0.15271 0.04922
0.99928 0.00064 0.00002 0.00004 0.00001 0.00001
0.00394 0.00957 0.22111 0.56662 0.14973 0.04902
0.99914 0.00077 0.00002 0.00004 0.00001 0.00001
0.00430 0.00928 0.21934 0.56619 0.14990 0.05099
0.99938 0.00054 0.00002 0.00004 0.00001 0.00001
0.00427 0.00920 0.22385 0.56565 0.14706 0.04996
0.99927 0.00065 0.00002 0.00003 0.00001 0.00001
0.00414 0.00965 0.22219 0.56903 0.14465 0.05034
0.99922 0.00069 0.00002 0.00004 0.00001 0.00001
0.00442 0.00959 0.22524 0.55877 0.15162 0.05035
0.99941 0.00051 0.00002 0.00003 0.00001 0.00001
0.00451 0.00987 0.23563 0.54699 0.15211 0.05087
0.99944 0.00048 0.00002 0.00003 0.00001 0.00001
0.00427 0.00985 0.23599 0.54559 0.15380 0.05050
0.99931 0.00061 0.00002 0.00003 0.00001 0.00001
0.00414 0.00974 0.23321 0.53916 0.16278 0.05096
0.99942 0.00050 0.00002 0.00003 0.00001 0.00001
0.00464 0.00975 0.23360 0.53711 0.16481 0.05009
0.99954 0.00038 0.00002 0.00003 0.00001 0.00001
0.00448 0.00961 0.23142 0.54126 0.16252 0.05071
0.99936 0.00056 0.00002 0.00003 0.00001 0.00001
0.00474 0.00958 0.22809 0.54680 0.16053 0.05024
0.99935 0.00057 0.00002 0.00003 0.00001 0.00001
0.00456 0.01003 0.22562 0.55349 0.15528 0.05101
0.99951 0.00041 0.00002 0.00003 0.00001 0.00001
0.00442 0.01007 0.22086 0.56316 0.15137 0.05011
0.99932 0.00060 0.00002 0.00003 0.00001 0.00001
0.00467 0.01010 0.21728 0.56079 0.15667 0.05048
0.99920 0.00072 0.00002 0.00003 0.00001 0.00001
0.00477 0.01033 0.22007 0.55353 0.16051 0.05078
0.99939 0.00052 0.00002 0.00004 0.00001 0.00001
0.00485 0.00988 0.21954 0.55924 0.15568 0.05079
0.99931 0.00060 0.00002 0.00004 0.00001 0.00001
0.00481 0.01012 0.22362 0.55217 0.15851 0.05075
0.99913 0.00079 0.00002 0.00003 0.00001 0.00001
0.00496 0.01013 0.23014 0.54837 0.15613 0.05028
0.99937 0.00054 0.00002 0.00003 0.00001 0.00001
0.00506 0.01007 0.23330 0.54652 0.15385 0.05118
0.99926 0.00065 0.00002 0.00004 0.00001 0.00001
0.00501 0.01010 0.23391 0.54622 0.15341 0.05134
0.99926 0.00066 0.00002 0.00004 0.00001 0.00001
0.00517 0.01034 0.23632 0.54073 0.15707 0.05036
0.99943 0.00048 0.00002 0.00003 0.00001 0.00001
0.00506 0.01020 0.23107 0.54441 0.15754 0.05171
0.99938 0.00053 0.00002 0.00003 0.00001 0.00001
0.00510 0.01039 0.22853 0.54541 0.15981 0.05076
0.99930 0.00062 0.00002 0.00003 0.00001 0.00001
0.00526 0.01029 0.22765 0.54707 0.15893 0.05078
0.99954 0.00038 0.00002 0.00003 0.00001 0.00001
0.00516 0.01012 0.22760 0.54944 0.15668 0.05099
0.99940 0.00052 0.00002 0.00003 0.00001 0.00001
0.00530 0.01030 0.22469 0.55119 0.15800 0.05051
0.99940 0.00052 0.00002 0.00003 0.00001 0.00001
0.00549 0.01043 0.22786 0.54812 0.15758 0.05051
0.99945 0.00047 0.00002 0.00003 0.00001 0.00001
0.00557 0.01032 0.23559 0.54330 0.15446 0.05074
0.99940 0.00052 0.00002 0.00003 0.00001 0.00001
0.00533 0.01069 0.23427 0.54253 0.15557 0.05159
0.99929 0.00062 0.00002 0.00003 0.00001 0.00001
0.00546 0.01043 0.23435 0.54214 0.15614 0.05146
0.99938 0.00053 0.00002 0.00003 0.00001 0.00001
0.00529 0.01109 0.24213 0.53387 0.15591 0.05170
0.99922 0.00069 0.00002 0.00003 0.00001 0.00001
0.00558 0.01052 0.24722 0.52840 0.15671 0.05155
0.99928 0.00063 0.00002 0.00003 0.00001 0.00001
0.00570 0.01023 0.24749 0.52521 0.15994 0.05141
0.99932 0.00059 0.00002 0.00004 0.00001 0.00001
0.00541 0.01089 0.24551 0.52854 0.15919 0.05045
0.99919 0.00072 0.00002 0.00004 0.00001 0.00001
0.00558 0.01069 0.23920 0.53754 0.15572 0.05126
0.99924 0.00067 0.00002 0.00004 0.00001 0.00001
0.00557 0.01088 0.22995 0.54341 0.15878 0.05138
0.99941 0.00050 0.00002 0.00003 0.00001 0.00001
0.00561 0.01055 0.22987 0.54383 0.15868 0.05145
0.99930 0.00061 0.00002 0.00003 0.00001 0.00001
0.00564 0.01084 0.23077 0.54399 0.15758 0.05117
0.99933 0.00059 0.00002 0.00003 0.00001 0.00001
0.00579 0.01091 0.22652 0.54948 0.15624 0.05105
0.99946 0.00045 0.00002 0.00003 0.00001 0.00001
0.00562 0.01100 0.22809 0.55273 0.15095 0.05159
0.99943 0.00049 0.00002 0.00003 0.00001 0.00001
0.00571 0.01071 0.23119 0.54830 0.15233 0.05175
0.99938 0.00054 0.00002 0.00003 0.00001 0.00001
0.00586 0.01110 0.23119 0.54279 0.15716 0.05189
0.99951 0.00040 0.00002 0.00003 0.00001 0.00001
0.00591 0.01103 0.23835 0.53285 0.16115 0.05070
0.99941 0.00050 0.00002 0.00003 0.00001 0.00001
0.00593 0.01095 0.23971 0.53015 0.16058 0.05266
0.99935 0.00056 0.00002 0.00003 0.00001 0.00001
0.00571 0.01126 0.23713 0.53216 0.16229 0.05144
0.99935 0.00056 0.00002 0.00003 0.00001 0.00001
0.00612 0.01122 0.23635 0.53233 0.16305 0.05091
0.99938 0.00053 0.00002 0.00003 0.00001 0.00001
0.00620 0.01079 0.23728 0.53042 0.16375 0.05154
0.99923 0.00068 0.00002 0.00003 0.00001 0.00001
0.00623 0.01093 0.23261 0.53323 0.16499 0.05200
0.99933 0.00058 0.00002 0.00004 0.00001 0.00001
0.00628 0.01106 0.22689 0.53739 0.16717 0.05119
0.99927 0.00064 0.00002 0.00004 0.00001 0.00001
0.00632 0.01098 0.22576 0.54056 0.16404 0.05232
0.99919 0.00072 0.00002 0.00004 0.00001 0.00001
0.00622 0.01179 0.22872 0.53861 0.16307 0.05157
0.99920 0.00071 0.00002 0.00004 0.00001 0.00001
0.00630 0.01154 0.23143 0.53959 0.15992 0.05122
0.99946 0.00045 0.00002 0.00003 0.00001 0.00001
0.00613 0.01161 0.23342 0.53438 0.16172 0.05273
0.99932 0.00059 0.00002 0.00003 0.00001 0.00001
0.00607 0.01196 0.23544 0.53136 0.16339 0.05177
0.99927 0.00064 0.00002 0.00003 0.00001 0.00001
0.00642 0.01167 0.23612 0.53265 0.16089 0.05223
0.99942 0.00049 0.00002 0.00003 0.00001 0.00001
0.00642 0.01208 0.23240 0.53335 0.16314 0.05260
0.99949 0.00042 0.00002 0.00003 0.00001 0.00001
0.00624 0.01226 0.23231 0.53488 0.16212 0.05217
0.99937 0.00055 0.00002 0.00003 0.00001 0.00001
0.00655 0.01156 0.23220 0.53727 0.16015 0.05226
0.99951 0.00041 0.00002 0.00003 0.00001 0.00001
0.00634 0.01223 0.23135 0.53699 0.16045 0.05263
0.99937 0.00055 0.00002 0.00003 0.00001 0.00001
0.00635 0.01197 0.23306 0.53397 0.16279 0.05185
0.99939 0.00052 0.00002 0.00003 0.00001 0.00001
0.00684 0.01171 0.23167 0.53505 0.16294 0.05176
0.99946 0.00045 0.00002 0.00003 0.00001 0.00001
0.00669 0.01200 0.22973 0.53661 0.16305 0.05191
0.99928 0.00063 0.00002 0.00003 0.00001 0.00001
0.00666 0.01262 0.23095 0.53366 0.16293 0.05315
0.99917 0.00074 0.00002 0.00003 0.00001 0.00001
0.00675 0.01225 0.23466 0.53437 0.16042 0.05153
0.99955 0.00035 0.00002 0.00004 0.00001 0.00001
0.00677 0.01272 0.23104 0.53505 0.16219 0.05222
0.99915 0.00076 0.00002 0.00004 0.00001 0.00001
0.00687 0.01284 0.22867 0.53272 0.16691 0.05197
0.99908 0.00083 0.00002 0.00004 0.00001 0.00001
0.00664 0.01269 0.23196 0.53350 0.16357 0.05162
0.99949 0.00042 0.00002 0.00004 0.00001 0.00001
0.00676 0.01282 0.23144 0.53457 0.16145 0.05294
0.99939 0.00051 0.00002 0.00004 0.00001 0.00001
0.00689 0.01349 0.22615 0.54188 0.15894 0.05263
0.99907 0.00084 0.00002 0.00003 0.00001 0.00001
0.00716 0.01369 0.22418 0.54109 0.16099 0.05288
0.99947 0.00043 0.00002 0.00003 0.00001 0.00001
0.00696 0.01402 0.22237 0.54209 0.16154 0.05302
0.99948 0.00043 0.00002 0.00003 0.00001 0.00001
0.00676 0.01392 0.22511 0.54118 0.16064 0.05237
0.99932 0.00060 0.00002 0.00003 0.00001 0.00001
0.00694 0.01405 0.22418 0.54178 0.16033 0.05270
0.99948 0.00043 0.00002 0.00003 0.00001 0.00001
0.00726 0.01377 0.22349 0.54272 0.15895 0.05380
0.99948 0.00043 0.00002 0.00003 0.00001 0.00001
0.00747 0.01387 0.22662 0.54140 0.15766 0.05296
0.99924 0.00067 0.00002 0.00003 0.00001 0.00001
0.00796 0.01327 0.23084 0.53587 0.15858 0.05347
0.99955 0.00036 0.00002 0.00003 0.00001 0.00001
0.00774 0.01346 0.22953 0.53264 0.16300 0.05363
0.99945 0.00046 0.00002 0.00003 0.00002 0.00001
0.00784 0.01418 0.22318 0.53469 0.16632 0.05378
0.99918 0.00073 0.00002 0.00003 0.00002 0.00001
0.00844 0.01394 0.22499 0.53620 0.16284 0.05357
0.99925 0.00065 0.00002 0.00004 0.00002 0.00001
0.00783 0.01431 0.22829 0.53313 0.16281 0.05361
0.99945 0.00045 0.00002 0.00004 0.00002 0.00001
0.00835 0.01412 0.22852 0.53353 0.16206 0.05341
0.99921 0.00069 0.00002 0.00004 0.00002 0.00001
0.00832 0.01415 0.22833 0.53490 0.16096 0.05332
0.99922 0.00068 0.00002 0.00004 0.00002 0.00001
0.00847 0.01386 0.22885 0.53461 0.16037 0.05382
0.99934 0.00056 0.00002 0.00004 0.00002 0.00001
0.00804 0.01437 0.22968 0.53207 0.16216 0.05367
0.99935 0.00056 0.00002 0.00004 0.00002 0.00001
0.00818 0.01443 0.22899 0.53315 0.16098 0.05425
0.99925 0.00066 0.00002 0.00003 0.00002 0.00001
0.00829 0.01521 0.23248 0.52890 0.16127 0.05385
0.99940 0.00051 0.00002 0.00003 0.00002 0.00001
0.00829 0.01444 0.23477 0.52546 0.16265 0.05437
0.99947 0.00044 0.00002 0.00003 0.00002 0.00001
0.00846 0.01462 0.23248 0.52716 0.16325 0.05401
0.99939 0.00052 0.00002 0.00003 0.00002 0.00001
0.00832 0.01512 0.22481 0.53376 0.16392 0.05405
0.99941 0.00050 0.00002 0.00003 0.00002 0.00001
0.00884 0.01492 0.22572 0.53432 0.16212 0.05407
0.99946 0.00044 0.00002 0.00003 0.00002 0.00001
0.00854 0.01438 0.23017 0.52793 0.16481 0.05415
0.99941 0.00050 0.00002 0.00003 0.00002 0.00001
0.00882 0.01494 0.23160 0.52327 0.16722 0.05413
0.99943 0.00048 0.00002 0.00003 0.00002 0.00001
0.00851 0.01568 0.22949 0.53091 0.16131 0.05409
0.99936 0.00054 0.00002 0.00003 0.00002 0.00001
0.00901 0.01513 0.22371 0.53772 0.16038 0.05403
0.99927 0.00063 0.00002 0.00004 0.00002 0.00001
0.00835 0.01547 0.22234 0.53943 0.15961 0.05479
0.99931 0.00058 0.00002 0.00004 0.00002 0.00001
0.00849 0.01631 0.22535 0.53385 0.16111 0.05486
0.99934 0.00056 0.00002 0.00004 0.00002 0.00001
0.00883 0.01571 0.22523 0.53507 0.16086 0.05429
0.99922 0.00068 0.00002 0.00004 0.00002 0.00001
0.00874 0.01561 0.22631 0.53509 0.16026 0.05398
0.99924 0.00066 0.00002 0.00004 0.00002 0.00001
0.00837 0.01582 0.22995 0.53034 0.16057 0.05493
0.99932 0.00057 0.00002 0.00004 0.00002 0.00001
0.00850 0.01612 0.22999 0.52828 0.16257 0.05452
0.99926 0.00064 0.00002 0.00004 0.00002 0.00001
0.00897 0.01563 0.23147 0.52571 0.16264 0.05555
0.99938 0.00052 0.00002 0.00004 0.00002 0.00001
0.00857 0.01562 0.23288 0.52494 0.16364 0.05433
0.99936 0.00055 0.00002 0.00003 0.00002 0.00001
0.00885 0.01597 0.23232 0.52293 0.16480 0.05511
0.99938 0.00053 0.00002 0.00003 0.00002 0.00001
0.00868 0.01596 0.22839 0.52835 0.16357 0.05504
0.99945 0.00045 0.00002 0.00003 0.00002 0.00001
0.00887 0.01595 0.22326 0.53378 0.16357 0.05456
0.99948 0.00042 0.00002 0.00003 0.00002 0.00001
0.00897 0.01612 0.22631 0.53014 0.16312 0.05532
0.99934 0.00056 0.00002 0.00003 0.00002 0.00001
0.00913 0.01612 0.23149 0.52327 0.16463 0.05534
0.99950 0.00041 0.00002 0.00003 0.00002 0.00001
0.00914 0.01647 0.22905 0.52720 0.16243 0.05569
0.99944 0.00046 0.00002 0.00003 0.00002 0.00001
0.00927 0.01665 0.22654 0.52855 0.16355 0.05541
0.99926 0.00064 0.00002 0.00003 0.00002 0.00001
0.00932 0.01665 0.23115 0.52370 0.16380 0.05537
0.99942 0.00048 0.00002 0.00003 0.00002 0.00001
0.00987 0.01644 0.23023 0.52422 0.16353 0.05570
0.99935 0.00055 0.00002 0.00004 0.00002 0.00001
0.00962 0.01645 0.22590 0.52663 0.16615 0.05524
0.99914 0.00075 0.00002 0.00004 0.00002 0.00001
0.00985 0.01680 0.22784 0.52077 0.16819 0.05653
0.99927 0.00062 0.00002 0.00004 0.00002 0.00001
0.00933 0.01693 0.23042 0.51999 0.16779 0.05550
0.99941 0.00048 0.00002 0.00004 0.00002 0.00001
0.00965 0.01663 0.22940 0.52213 0.16538 0.05679
0.99912 0.00077 0.00002 0.00004 0.00002 0.00001
0.01035 0.01652 0.22935 0.52197 0.16590 0.05588
0.99928 0.00061 0.00002 0.00004 0.00002 0.00001
0.01023 0.01622 0.22908 0.52392 0.16471 0.05581
0.99940 0.00050 0.00002 0.00003 0.00002 0.00001
0.01017 0.01650 0.22668 0.52584 0.16385 0.05694
0.99934 0.00056 0.00002 0.00003 0.00002 0.00001
0.01029 0.01678 0.22869 0.52425 0.16315 0.05681
0.99934 0.00056 0.00002 0.00003 0.00002 0.00001
0.01005 0.01676 0.23003 0.52078 0.16615 0.05620
0.99953 0.00037 0.00002 0.00003 0.00002 0.00001
0.01050 0.01713 0.22834 0.52090 0.16664 0.05645
0.99937 0.00053 0.00002 0.00003 0.00002 0.00001
0.01036 0.01727 0.22807 0.52084 0.16604 0.05740
0.99942 0.00048 0.00002 0.00003 0.00002 0.00001
0.00986 0.01766 0.22756 0.52428 0.16401 0.05661
0.99953 0.00038 0.00002 0.00003 0.00002 0.00001
0.01005 0.01789 0.22758 0.52388 0.16428 0.05629
0.99940 0.00050 0.00002 0.00003 0.00002 0.00001
0.01041 0.01757 0.22599 0.52594 0.16312 0.05695
0.99928 0.00061 0.00002 0.00003 0.00002 0.00001
0.01022 0.01799 0.22485 0.52683 0.16323 0.05686
0.99938 0.00052 0.00002 0.00003 0.00002 0.00001
0.01046 0.01821 0.22541 0.52558 0.16433 0.05599
0.99936 0.00053 0.00002 0.00004 0.00002 0.00001
0.01027 0.01810 0.22858 0.52265 0.16441 0.05596
0.99924 0.00066 0.00002 0.00004 0.00002 0.00001
0.01044 0.01816 0.22830 0.52078 0.16547 0.05683
0.99932 0.00058 0.00002 0.00004 0.00002 0.00001
0.01056 0.01872 0.22433 0.52503 0.16555 0.05579
0.99921 0.00068 0.00002 0.00004 0.00002 0.00001
0.01037 0.01860 0.22666 0.51922 0.16868 0.05646
0.99921 0.00068 0.00002 0.00004 0.00002 0.00001
0.01077 0.01866 0.22428 0.52436 0.16540 0.05651
0.99934 0.00055 0.00002 0.00004 0.00002 0.00001
0.01071 0.01945 0.22123 0.52861 0.16370 0.05628
0.99940 0.00049 0.00002 0.00003 0.00002 0.00001
0.01041 0.01941 0.22523 0.52107 0.16671 0.05715
0.99927 0.00063 0.00002 0.00003 0.00002 0.00001
0.01068 0.01905 0.22860 0.51774 0.16734 0.05656
0.99940 0.00049 0.00002 0.00003 0.00002 0.00001
0.01100 0.01921 0.22533 0.52169 0.16552 0.05724
0.99945 0.00044 0.00002 0.00003 0.00002 0.00001
0.01121 0.01868 0.22133 0.52694 0.16541 0.05641
0.99939 0.00051 0.00002 0.00003 0.00002 0.00001
0.01046 0.01946 0.22095 0.52714 0.16507 0.05690
0.99942 0.00048 0.00002 0.00003 0.00002 0.00001
0.01059 0.01977 0.22217 0.52958 0.16182 0.05605
0.99954 0.00036 0.00002 0.00003 0.00002 0.00001
0.01086 0.01970 0.22528 0.52562 0.16180 0.05671
0.99931 0.00059 0.00002 0.00003 0.00002 0.00001
0.01068 0.02000 0.22324 0.52452 0.16462 0.05692
0.99938 0.00051 0.00002 0.00003 0.00002 0.00001
0.01097 0.02022 0.22100 0.52235 0.16890 0.05652
0.99940 0.00049 0.00002 0.00003 0.00002 0.00001
0.01122 0.02006 0.22516 0.51770 0.16844 0.05740
0.99930 0.00059 0.00002 0.00004 0.00002 0.00001
0.01153 0.01982 0.22180 0.52423 0.16680 0.05579
0.99915 0.00074 0.00002 0.00004 0.00002 0.00001
0.01137 0.02017 0.21697 0.53039 0.16444 0.05663
0.99956 0.00032 0.00002 0.00004 0.00002 0.00001
0.01132 0.02032 0.22231 0.52409 0.16459 0.05734
0.99908 0.00081 0.00002 0.00004 0.00002 0.00001
0.01094 0.02062 0.22676 0.51789 0.16709 0.05668
0.99918 0.00071 0.00002 0.00003 0.00002 0.00001
0.01066 0.02124 0.22315 0.52056 0.16649 0.05787
0.99946 0.00043 0.00002 0.00004 0.00002 0.00001
0.01122 0.02137 0.21904 0.51930 0.17144 0.05760
0.99945 0.00044 0.00002 0.00004 0.00002 0.00001
0.01114 0.02136 0.22045 0.52146 0.16784 0.05773
0.99906 0.00083 0.00002 0.00004 0.00002 0.00001
0.01088 0.02174 0.22352 0.52345 0.16198 0.05841
0.99947 0.00042 0.00002 0.00003 0.00002 0.00001
0.01101 0.02155 0.22273 0.52626 0.16081 0.05761
0.99953 0.00037 0.00002 0.00003 0.00002 0.00001
0.01099 0.02233 0.21906 0.52584 0.16405 0.05772
0.99934 0.00055 0.00002 0.00003 0.00002 0.00001
0.01124 0.02249 0.21734 0.52508 0.16549 0.05833
0.99943 0.00047 0.00002 0.00003 0.00002 0.00001
0.01092 0.02265 0.21947 0.52374 0.16525 0.05794
0.99951 0.00038 0.00002 0.00003 0.00002 0.00001
0.01062 0.02258 0.22202 0.52358 0.16317 0.05801
0.99929 0.00060 0.00002 0.00003 0.00002 0.00001
0.01116 0.02213 0.22164 0.52321 0.16336 0.05847
0.99944 0.00045 0.00002 0.00003 0.00002 0.00001
0.01146 0.02246 0.21868 0.52511 0.16466 0.05760
0.99942 0.00047 0.00002 0.00004 0.00002 0.00001
0.01126 0.02218 0.21854 0.52184 0.16773 0.05842
0.99920 0.00069 0.00002 0.00004 0.00002 0.00001
0.01137 0.02242 0.22118 0.51604 0.17063 0.05833
0.99924 0.00064 0.00002 0.00004 0.00002 0.00001
0.01109 0.02319 0.22155 0.51850 0.16804 0.05761
0.99943 0.00046 0.00002 0.00004 0.00002 0.00001
0.01137 0.02261 0.22006 0.52201 0.16562 0.05831
0.99917 0.00071 0.00002 0.00004 0.00002 0.00001
0.01083 0.02262 0.22039 0.52495 0.16335 0.05783
0.99926 0.00062 0.00002 0.00004 0.00002 0.00001
0.01093 0.02307 0.22331 0.52169 0.16305 0.05792
0.99934 0.00055 0.00002 0.00004 0.00002 0.00001
0.01145 0.02238 0.22383 0.52036 0.16376 0.05819
0.99934 0.00055 0.00002 0.00004 0.00002 0.00001
0.01158 0.02214 0.22187 0.52286 0.16478 0.05674
0.99930 0.00058 0.00002 0.00003 0.00002 0.00001
0.01198 0.02198 0.21916 0.52264 0.16676 0.05747
0.99946 0.00043 0.00002 0.00003 0.00002 0.00001
0.01188 0.02247 0.21734 0.52390 0.16598 0.05840
0.99940 0.00049 0.00002 0.00003 0.00002 0.00001
0.01169 0.02260 0.21751 0.52318 0.16816 0.05683
0.99941 0.00048 0.00002 0.00003 0.00002 0.00001
0.01181 0.02268 0.21959 0.51747 0.17059 0.05782
0.99948 0.00041 0.00002 0.00003 0.00002 0.00001
0.01203 0.02280 0.22131 0.51502 0.17096 0.05786
0.99943 0.00046 0.00002 0.00003 0.00002 0.00001
0.01217 0.02278 0.22452 0.51240 0.17044 0.05766
0.99938 0.00051 0.00002 0.00003 0.00002 0.00001
0.01208 0.02269 0.22495 0.51252 0.16960 0.05813
0.99939 0.00050 0.00002 0.00003 0.00002 0.00001
0.01224 0.02296 0.22142 0.51866 0.16704 0.05765
0.99940 0.00049 0.00002 0.00004 0.00002 0.00001
0.01283 0.02240 0.21686 0.52627 0.16387 0.05774
0.99929 0.00059 0.00002 0.00004 0.00002 0.00001
0.01312 0.02201 0.21530 0.52698 0.16414 0.05842
0.99924 0.00064 0.00002 0.00004 0.00002 0.00001
0.01347 0.02198 0.21954 0.52233 0.16462 0.05802
0.99923 0.00065 0.00002 0.00004 0.00002 0.00001
0.01353 0.02193 0.22381 0.52096 0.16135 0.05839
0.99932 0.00056 0.00002 0.00004 0.00002 0.00001
0.01360 0.02207 0.22599 0.51941 0.16114 0.05775
0.99929 0.00059 0.00002 0.00004 0.00002 0.00001
0.01356 0.02205 0.22282 0.51697 0.16650 0.05808
0.99923 0.00065 0.00002 0.00004 0.00002 0.00001
0.01362 0.02249 0.21743 0.51994 0.16778 0.05870
0.99932 0.00056 0.00002 0.00004 0.00002 0.00001
0.01406 0.02208 0.21687 0.52664 0.16216 0.05815
0.99937 0.00051 0.00002 0.00004 0.00002 0.00001
0.01357 0.02282 0.21878 0.52491 0.16126 0.05862
0.99939 0.00049 0.00002 0.00003 0.00002 0.00001
0.01389 0.02245 0.21810 0.52567 0.16143 0.05843
0.99937 0.00051 0.00002 0.00003 0.00002 0.00001
0.01379 0.02267 0.22049 0.52301 0.16069 0.05931
0.99950 0.00039 0.00002 0.00003 0.00002 0.00001
0.01339 0.02271 0.22214 0.51951 0.16281 0.05941
0.99942 0.00046 0.00002 0.00003 0.00002 0.00001
0.01343 0.02300 0.22453 0.51599 0.16420 0.05882
0.99940 0.00048 0.00002 0.00003 0.00002 0.00001
0.01355 0.02319 0.22167 0.52130 0.16119 0.05907
0.99945 0.00043 0.00002 0.00003 0.00002 0.00001
0.01408 0.02255 0.21620 0.52481 0.16336 0.05897
0.99944 0.00044 0.00002 0.00004 0.00002 0.00001
0.01358 0.02269 0.21626 0.52367 0.16508 0.05869
0.99922 0.00066 0.00002 0.00004 0.00002 0.00001
0.01411 0.02309 0.21798 0.52370 0.16191 0.05918
0.99942 0.00046 0.00002 0.00004 0.00002 0.00001
0.01401 0.02318 0.22097 0.51994 0.16241 0.05947
0.99932 0.00056 0.00002 0.00004 0.00002 0.00001
0.01377 0.02339 0.22149 0.51620 0.16567 0.05945
0.99919 0.00068 0.00002 0.00004 0.00002 0.00001
0.01402 0.02330 0.21624 0.52296 0.16445 0.05898
0.99916 0.00071 0.00002 0.00004 0.00002 0.00001
0.01417 0.02380 0.21365 0.52408 0.16505 0.05921
0.99942 0.00045 0.00002 0.00004 0.00002 0.00001
0.01383 0.02478 0.21609 0.52071 0.16525 0.05931
0.99924 0.00064 0.00002 0.00004 0.00002 0.00001
0.01496 0.02324 0.21662 0.52144 0.16459 0.05911
0.99927 0.00061 0.00002 0.00004 0.00002 0.00001
0.01453 0.02384 0.21582 0.52384 0.16268 0.05926
0.99934 0.00054 0.00002 0.00004 0.00002 0.00001
0.01416 0.02451 0.21542 0.52412 0.16153 0.06023
0.99942 0.00046 0.00002 0.00004 0.00002 0.00001
0.01434 0.02441 0.21368 0.52517 0.16279 0.05957
0.99936 0.00052 0.00002 0.00004 0.00002 0.00001
0.01466 0.02430 0.21255 0.52326 0.16495 0.06025
0.99951 0.00037 0.00002 0.00003 0.00002 0.00001
0.01508 0.02469 0.21433 0.52000 0.16599 0.05988
0.99937 0.00051 0.00002 0.00003 0.00002 0.00001
0.01466 0.02486 0.21542 0.52155 0.16356 0.05991
0.99942 0.00046 0.00002 0.00003 0.00002 0.00001
0.01521 0.02470 0.21162 0.52660 0.16213 0.05972
0.99948 0.00040 0.00002 0.00003 0.00002 0.00001
0.01504 0.02494 0.20888 0.53262 0.15921 0.05928
0.99944 0.00044 0.00002 0.00003 0.00002 0.00001
0.01497 0.02529 0.20874 0.53297 0.15847 0.05952
0.99921 0.00066 0.00002 0.00004 0.00002 0.00001
0.01479 0.02606 0.21371 0.52187 0.16383 0.05971
0.99938 0.00049 0.00002 0.00004 0.00002 0.00001
0.01482 0.02583 0.21445 0.52192 0.16385 0.05910
0.99936 0.00051 0.00002 0.00004 0.00002 0.00001
